i=1
{'A': 0.2375, 
 'C': 0.13125, 
 'B': 0.09583333333333334, 
 'E': 0.27291666666666664, 
 'D': 0.08402777777777778, 
 'F': 0.17847222222222223}

i=10
{'A': 0.25883659741580256, 
 'C': 0.1491529295616055, 
 'B': 0.12295008863160081, 
 'E': 0.22334878603058453, 
 'D': 0.07535336466141515, 
 'F': 0.17035823369899147}

i=100
{'A': 0.25998633472306704, 
 'C': 0.1488576561928373, 
 'B': 0.12276920098378336, 
 'E': 0.22302907983569334, 
 'D': 0.07519486135463502, 
 'F': 0.1701628669099839}
